                 132
         1             1    -11.824999999999999    0.000000000000000    
         1             3    -0.021213203435596    -0.021213203435596    
         1             4    -0.247487373415292    0.000000000000000    
         1             5    -0.000000000000000    0.030000000000000    
         1             7    -0.000000000000000    0.146969384463847    
         1             8    -0.073484692231923    -0.073484692541355    
         1             9    -0.103923048381199    0.103923048381199    
         1            10    0.000000000218801    -0.103923048600000    
         1            11    -0.029393876892769    -0.000000000000000    
         1            12    0.014696938508271    -0.014696938446385    
         2             2    -12.175000000000001    0.000000000000000    
         2             4    -0.021213203435596    -0.021213203435596    
         2             6    0.000000000000000    0.030000000000000    
         2             7    0.073484692231923    -0.073484692541355    
         2             8    -0.000000000000000    -0.146969384463847    
         2             9    0.103923048600000    -0.000000000218801    
         2            10    0.103923048381199    -0.103923048381199    
         2            11    0.014696938508271    0.014696938446385    
         2            12    0.029393876892769    -0.000000000000000    
         3             1    -0.021213203435596    0.021213203435596    
         3             3    -12.000000000000000    0.000000000000000    
         3             5    0.021213203435596    0.021213203435596    
         3             6    -0.247487373415292    0.000000000000000    
         3             7    0.103923048381199    0.103923048381199    
         3             8    -0.103923048600000    -0.000000000218801    
         3             9    0.000000000000000    -0.029393876892769    
         3            10    0.014696938446385    0.014696938508271    
         3            11    0.103923048381199    -0.103923048381199    
         3            12    -0.000000000218801    0.103923048600000    
         4             1    -0.247487373415292    0.000000000000000    
         4             2    -0.021213203435596    0.021213203435596    
         4             4    -12.000000000000000    0.000000000000000    
         4             6    0.021213203435596    0.021213203435596    
         4             7    -0.000000000218801    -0.103923048600000    
         4             8    -0.103923048381199    -0.103923048381199    
         4             9    -0.014696938446385    0.014696938508271    
         4            10    0.000000000000000    0.029393876892769    
         4            11    -0.103923048600000    0.000000000218801    
         4            12    -0.103923048381199    0.103923048381199    
         5             1    0.000000000000000    -0.030000000000000    
         5             3    0.021213203435596    -0.021213203435596    
         5             5    -12.175000000000001    -0.000000000000000    
         5             7    0.029393876892769    0.000000000000000    
         5             8    -0.014696938508271    0.014696938446385    
         5             9    -0.103923048381199    -0.103923048381199    
         5            10    0.103923048600000    0.000000000218801    
         5            11    -0.000000000000000    0.146969384463847    
         5            12    -0.073484692231923    -0.073484692541355    
         6             2    -0.000000000000000    -0.030000000000000    
         6             3    -0.247487373415292    0.000000000000000    
         6             4    0.021213203435596    -0.021213203435596    
         6             6    -11.824999999999999    0.000000000000000    
         6             7    -0.014696938508271    -0.014696938446385    
         6             8    -0.029393876892769    0.000000000000000    
         6             9    0.000000000218801    0.103923048600000    
         6            10    0.103923048381199    0.103923048381199    
         6            11    0.073484692231923    -0.073484692541355    
         6            12    -0.000000000000000    -0.146969384463847    
         7             1    -0.000000000000000    -0.146969384463847    
         7             2    0.073484692231923    0.073484692541355    
         7             3    0.103923048381199    -0.103923048381199    
         7             4    -0.000000000218801    0.103923048600000    
         7             5    0.029393876892769    -0.000000000000000    
         7             6    -0.014696938508271    0.014696938446385    
         7             7    -11.824999999999999    -0.000000000000000    
         7             9    -0.021213203435596    -0.021213203435596    
         7            10    -0.247487373415292    -0.000000000000000    
         7            11    -0.000000000000000    0.030000000000000    
         8             1    -0.073484692231923    0.073484692541355    
         8             2    -0.000000000000000    0.146969384463847    
         8             3    -0.103923048600000    0.000000000218801    
         8             4    -0.103923048381199    0.103923048381199    
         8             5    -0.014696938508271    -0.014696938446385    
         8             6    -0.029393876892769    -0.000000000000000    
         8             8    -12.175000000000001    -0.000000000000000    
         8            10    -0.021213203435596    -0.021213203435596    
         8            12    0.000000000000000    0.030000000000000    
         9             1    -0.103923048381199    -0.103923048381199    
         9             2    0.103923048600000    0.000000000218801    
         9             3    0.000000000000000    0.029393876892769    
         9             4    -0.014696938446385    -0.014696938508271    
         9             5    -0.103923048381199    0.103923048381199    
         9             6    0.000000000218801    -0.103923048600000    
         9             7    -0.021213203435596    0.021213203435596    
         9             9    -12.000000000000000    0.000000000000000    
         9            11    0.021213203435596    0.021213203435596    
         9            12    -0.247487373415292    0.000000000000000    
        10             1    0.000000000218801    0.103923048600000    
        10             2    0.103923048381199    0.103923048381199    
        10             3    0.014696938446385    -0.014696938508271    
        10             4    0.000000000000000    -0.029393876892769    
        10             5    0.103923048600000    -0.000000000218801    
        10             6    0.103923048381199    -0.103923048381199    
        10             7    -0.247487373415292    -0.000000000000000    
        10             8    -0.021213203435596    0.021213203435596    
        10            10    -12.000000000000000    0.000000000000000    
        10            12    0.021213203435596    0.021213203435596    
        11             1    -0.029393876892769    0.000000000000000    
        11             2    0.014696938508271    -0.014696938446385    
        11             3    0.103923048381199    0.103923048381199    
        11             4    -0.103923048600000    -0.000000000218801    
        11             5    -0.000000000000000    -0.146969384463847    
        11             6    0.073484692231923    0.073484692541355    
        11             7    0.000000000000000    -0.030000000000000    
        11             9    0.021213203435596    -0.021213203435596    
        11            11    -12.175000000000001    0.000000000000000    
        12             1    0.014696938508271    0.014696938446385    
        12             2    0.029393876892769    0.000000000000000    
        12             3    -0.000000000218801    -0.103923048600000    
        12             4    -0.103923048381199    -0.103923048381199    
        12             5    -0.073484692231923    0.073484692541355    
        12             6    -0.000000000000000    0.146969384463847    
        12             8    -0.000000000000000    -0.030000000000000    
        12             9    -0.247487373415292    0.000000000000000    
        12            10    0.021213203435596    -0.021213203435596    
        12            12    -11.824999999999999    0.000000000000000    
        13            13    -536.333333333333371    0.000000000000000    
        13            16    758.489873952770040    0.000000000000000    
        14            14    536.333333333333371    0.000000000000000    
        15            18    758.489873952770040    0.000000000000000    
        16            13    758.489873952770040    0.000000000000000    
        17            17    536.333333333333371    0.000000000000000    
        18            15    758.489873952770040    0.000000000000000    
        18            18    -536.333333333333371    0.000000000000000    
        19            19    -536.333333333333371    0.000000000000000    
        19            22    758.489873952770040    0.000000000000000    
        20            20    536.333333333333371    0.000000000000000    
        21            24    758.489873952770040    0.000000000000000    
        22            19    758.489873952770040    0.000000000000000    
        23            23    536.333333333333371    0.000000000000000    
        24            21    758.489873952770040    0.000000000000000    
        24            24    -536.333333333333371    0.000000000000000    
