                  24
         1            15    0.080393652075049    0.488641941853859    
         1            17    0.000000000000000    0.097631072228241    
         2            16    0.080393652075049    0.488641941853859    
         2            18    0.000000000000000    0.097631072228241    
         3            13    0.080393652075049    -0.488641941853859    
         3            17    -0.080393652075049    -0.488641941853859    
         4            14    0.080393652075049    -0.488641941853859    
         4            18    -0.080393652075049    -0.488641941853859    
         5            13    0.000000000000000    -0.097631072228241    
         5            15    -0.080393652075049    0.488641941853859    
         6            14    0.000000000000000    -0.097631072228241    
         6            16    -0.080393652075049    0.488641941853859    
         7            21    0.155308608052655    -0.252939681726154    
         7            23    0.000000000000000    0.569035593680941    
         8            22    0.155308608052655    -0.252939681726154    
         8            24    0.000000000000000    0.569035593680941    
         9            19    0.155308608052655    0.252939681726154    
         9            23    -0.155308608052655    0.252939681726154    
        10            20    0.155308608052655    0.252939681726154    
        10            24    -0.155308608052655    0.252939681726154    
        11            19    0.000000000000000    -0.569035593680941    
        11            21    -0.155308608052655    -0.252939681726154    
        12            20    0.000000000000000    -0.569035593680941    
        12            22    -0.155308608052655    -0.252939681726154    
