                 760
         1             1             1             1    0.849999999999999    0.000000000000000    
         1             2             2             1    0.849999999999999    0.000000000000000    
         1             3             1             3    0.150000000000000    0.000000000000000    
         1             3             3             1    0.699999999999999    0.000000000000000    
         1             4             2             3    0.150000000000000    0.000000000000000    
         1             4             4             1    0.699999999999999    0.000000000000000    
         1             5             1             5    0.300000000000000    0.000000000000000    
         1             5             3             3    -0.150000000000000    0.000000000000000    
         1             5             5             1    0.849999999999999    0.000000000000000    
         1             6             2             5    0.300000000000000    0.000000000000000    
         1             6             4             3    -0.150000000000000    0.000000000000000    
         1             6             6             1    0.849999999999999    0.000000000000000    
         1            13             1            13    0.034836734693878    0.000000000000000    
         1            13             5            17    -0.106151020408163    0.000000000000000    
         1            13            13             1    2.028278571428571    0.000000000000000    
         1            13            17             5    -0.094885714285714    0.000000000000000    
         1            14             2            13    0.034836734693878    0.000000000000000    
         1            14             6            17    -0.106151020408163    0.000000000000000    
         1            14            14             1    2.028278571428571    0.000000000000000    
         1            14            18             5    -0.094885714285714    0.000000000000000    
         1            15             1            15    0.123569387755102    0.000000000000000    
         1            15             3            13    0.017418367346939    0.000000000000000    
         1            15            13             3    0.047442857142857    0.000000000000000    
         1            15            15             1    2.075721428571429    0.000000000000000    
         1            16             2            15    0.123569387755102    0.000000000000000    
         1            16             4            13    0.017418367346939    0.000000000000000    
         1            16            14             3    0.047442857142857    0.000000000000000    
         1            16            16             1    2.075721428571429    0.000000000000000    
         1            17             1            17    0.106151020408163    0.000000000000000    
         1            17             3            15    -0.088732653061224    0.000000000000000    
         1            17            15             3    -0.047442857142857    0.000000000000000    
         1            17            17             1    2.028278571428571    0.000000000000000    
         1            18             2            17    0.106151020408163    0.000000000000000    
         1            18             4            15    -0.088732653061224    0.000000000000000    
         1            18            16             3    -0.047442857142857    0.000000000000000    
         1            18            18             1    2.028278571428571    0.000000000000000    
         2             1             1             2    0.849999999999999    0.000000000000000    
         2             2             2             2    0.849999999999999    0.000000000000000    
         2             3             1             4    0.150000000000000    0.000000000000000    
         2             3             3             2    0.699999999999999    0.000000000000000    
         2             4             2             4    0.150000000000000    0.000000000000000    
         2             4             4             2    0.699999999999999    0.000000000000000    
         2             5             1             6    0.300000000000000    0.000000000000000    
         2             5             3             4    -0.150000000000000    0.000000000000000    
         2             5             5             2    0.849999999999999    0.000000000000000    
         2             6             2             6    0.300000000000000    0.000000000000000    
         2             6             4             4    -0.150000000000000    0.000000000000000    
         2             6             6             2    0.849999999999999    0.000000000000000    
         2            13             1            14    0.034836734693878    0.000000000000000    
         2            13             5            18    -0.106151020408163    0.000000000000000    
         2            13            13             2    2.028278571428571    0.000000000000000    
         2            13            17             6    -0.094885714285714    0.000000000000000    
         2            14             2            14    0.034836734693878    0.000000000000000    
         2            14             6            18    -0.106151020408163    0.000000000000000    
         2            14            14             2    2.028278571428571    0.000000000000000    
         2            14            18             6    -0.094885714285714    0.000000000000000    
         2            15             1            16    0.123569387755102    0.000000000000000    
         2            15             3            14    0.017418367346939    0.000000000000000    
         2            15            13             4    0.047442857142857    0.000000000000000    
         2            15            15             2    2.075721428571429    0.000000000000000    
         2            16             2            16    0.123569387755102    0.000000000000000    
         2            16             4            14    0.017418367346939    0.000000000000000    
         2            16            14             4    0.047442857142857    0.000000000000000    
         2            16            16             2    2.075721428571429    0.000000000000000    
         2            17             1            18    0.106151020408163    0.000000000000000    
         2            17             3            16    -0.088732653061224    0.000000000000000    
         2            17            15             4    -0.047442857142857    0.000000000000000    
         2            17            17             2    2.028278571428571    0.000000000000000    
         2            18             2            18    0.106151020408163    0.000000000000000    
         2            18             4            16    -0.088732653061224    0.000000000000000    
         2            18            16             4    -0.047442857142857    0.000000000000000    
         2            18            18             2    2.028278571428571    0.000000000000000    
         3             1             1             3    0.699999999999999    0.000000000000000    
         3             1             3             1    0.150000000000000    0.000000000000000    
         3             2             2             3    0.699999999999999    0.000000000000000    
         3             2             4             1    0.150000000000000    0.000000000000000    
         3             3             1             5    -0.150000000000000    0.000000000000000    
         3             3             3             3    0.999999999999999    0.000000000000000    
         3             3             5             1    -0.150000000000000    0.000000000000000    
         3             4             2             5    -0.150000000000000    0.000000000000000    
         3             4             4             3    0.999999999999999    0.000000000000000    
         3             4             6             1    -0.150000000000000    0.000000000000000    
         3             5             3             5    0.150000000000000    0.000000000000000    
         3             5             5             3    0.699999999999999    0.000000000000000    
         3             6             4             5    0.150000000000000    0.000000000000000    
         3             6             6             3    0.699999999999999    0.000000000000000    
         3            13             1            15    0.017418367346939    0.000000000000000    
         3            13             3            13    0.123569387755102    0.000000000000000    
         3            13            13             3    2.075721428571429    0.000000000000000    
         3            13            15             1    0.047442857142857    0.000000000000000    
         3            14             2            15    0.017418367346939    0.000000000000000    
         3            14             4            13    0.123569387755102    0.000000000000000    
         3            14            14             3    2.075721428571429    0.000000000000000    
         3            14            16             1    0.047442857142857    0.000000000000000    
         3            15             1            17    -0.088732653061224    0.000000000000000    
         3            15             3            15    0.017418367346939    0.000000000000000    
         3            15             5            13    -0.088732653061224    0.000000000000000    
         3            15            13             5    -0.047442857142857    0.000000000000000    
         3            15            15             3    1.980835714285714    0.000000000000000    
         3            15            17             1    -0.047442857142857    0.000000000000000    
         3            16             2            17    -0.088732653061224    0.000000000000000    
         3            16             4            15    0.017418367346939    0.000000000000000    
         3            16             6            13    -0.088732653061224    0.000000000000000    
         3            16            14             5    -0.047442857142857    0.000000000000000    
         3            16            16             3    1.980835714285714    0.000000000000000    
         3            16            18             1    -0.047442857142857    0.000000000000000    
         3            17             3            17    0.123569387755102    0.000000000000000    
         3            17             5            15    0.017418367346939    0.000000000000000    
         3            17            15             5    0.047442857142857    0.000000000000000    
         3            17            17             3    2.075721428571429    0.000000000000000    
         3            18             4            17    0.123569387755102    0.000000000000000    
         3            18             6            15    0.017418367346939    0.000000000000000    
         3            18            16             5    0.047442857142857    0.000000000000000    
         3            18            18             3    2.075721428571429    0.000000000000000    
         4             1             1             4    0.699999999999999    0.000000000000000    
         4             1             3             2    0.150000000000000    0.000000000000000    
         4             2             2             4    0.699999999999999    0.000000000000000    
         4             2             4             2    0.150000000000000    0.000000000000000    
         4             3             1             6    -0.150000000000000    0.000000000000000    
         4             3             3             4    0.999999999999999    0.000000000000000    
         4             3             5             2    -0.150000000000000    0.000000000000000    
         4             4             2             6    -0.150000000000000    0.000000000000000    
         4             4             4             4    0.999999999999999    0.000000000000000    
         4             4             6             2    -0.150000000000000    0.000000000000000    
         4             5             3             6    0.150000000000000    0.000000000000000    
         4             5             5             4    0.699999999999999    0.000000000000000    
         4             6             4             6    0.150000000000000    0.000000000000000    
         4             6             6             4    0.699999999999999    0.000000000000000    
         4            13             1            16    0.017418367346939    0.000000000000000    
         4            13             3            14    0.123569387755102    0.000000000000000    
         4            13            13             4    2.075721428571429    0.000000000000000    
         4            13            15             2    0.047442857142857    0.000000000000000    
         4            14             2            16    0.017418367346939    0.000000000000000    
         4            14             4            14    0.123569387755102    0.000000000000000    
         4            14            14             4    2.075721428571429    0.000000000000000    
         4            14            16             2    0.047442857142857    0.000000000000000    
         4            15             1            18    -0.088732653061224    0.000000000000000    
         4            15             3            16    0.017418367346939    0.000000000000000    
         4            15             5            14    -0.088732653061224    0.000000000000000    
         4            15            13             6    -0.047442857142857    0.000000000000000    
         4            15            15             4    1.980835714285714    0.000000000000000    
         4            15            17             2    -0.047442857142857    0.000000000000000    
         4            16             2            18    -0.088732653061224    0.000000000000000    
         4            16             4            16    0.017418367346939    0.000000000000000    
         4            16             6            14    -0.088732653061224    0.000000000000000    
         4            16            14             6    -0.047442857142857    0.000000000000000    
         4            16            16             4    1.980835714285714    0.000000000000000    
         4            16            18             2    -0.047442857142857    0.000000000000000    
         4            17             3            18    0.123569387755102    0.000000000000000    
         4            17             5            16    0.017418367346939    0.000000000000000    
         4            17            15             6    0.047442857142857    0.000000000000000    
         4            17            17             4    2.075721428571429    0.000000000000000    
         4            18             4            18    0.123569387755102    0.000000000000000    
         4            18             6            16    0.017418367346939    0.000000000000000    
         4            18            16             6    0.047442857142857    0.000000000000000    
         4            18            18             4    2.075721428571429    0.000000000000000    
         5             1             1             5    0.849999999999999    0.000000000000000    
         5             1             3             3    -0.150000000000000    0.000000000000000    
         5             1             5             1    0.300000000000000    0.000000000000000    
         5             2             2             5    0.849999999999999    0.000000000000000    
         5             2             4             3    -0.150000000000000    0.000000000000000    
         5             2             6             1    0.300000000000000    0.000000000000000    
         5             3             3             5    0.699999999999999    0.000000000000000    
         5             3             5             3    0.150000000000000    0.000000000000000    
         5             4             4             5    0.699999999999999    0.000000000000000    
         5             4             6             3    0.150000000000000    0.000000000000000    
         5             5             5             5    0.849999999999999    0.000000000000000    
         5             6             6             5    0.849999999999999    0.000000000000000    
         5            13             3            15    -0.088732653061224    0.000000000000000    
         5            13             5            13    0.106151020408163    0.000000000000000    
         5            13            13             5    2.028278571428571    0.000000000000000    
         5            13            15             3    -0.047442857142857    0.000000000000000    
         5            14             4            15    -0.088732653061224    0.000000000000000    
         5            14             6            13    0.106151020408163    0.000000000000000    
         5            14            14             5    2.028278571428571    0.000000000000000    
         5            14            16             3    -0.047442857142857    0.000000000000000    
         5            15             3            17    0.017418367346939    0.000000000000000    
         5            15             5            15    0.123569387755102    0.000000000000000    
         5            15            15             5    2.075721428571429    0.000000000000000    
         5            15            17             3    0.047442857142857    0.000000000000000    
         5            16             4            17    0.017418367346939    0.000000000000000    
         5            16             6            15    0.123569387755102    0.000000000000000    
         5            16            16             5    2.075721428571429    0.000000000000000    
         5            16            18             3    0.047442857142857    0.000000000000000    
         5            17             1            13    -0.106151020408163    0.000000000000000    
         5            17             5            17    0.034836734693878    0.000000000000000    
         5            17            13             1    -0.094885714285714    0.000000000000000    
         5            17            17             5    2.028278571428571    0.000000000000000    
         5            18             2            13    -0.106151020408163    0.000000000000000    
         5            18             6            17    0.034836734693878    0.000000000000000    
         5            18            14             1    -0.094885714285714    0.000000000000000    
         5            18            18             5    2.028278571428571    0.000000000000000    
         6             1             1             6    0.849999999999999    0.000000000000000    
         6             1             3             4    -0.150000000000000    0.000000000000000    
         6             1             5             2    0.300000000000000    0.000000000000000    
         6             2             2             6    0.849999999999999    0.000000000000000    
         6             2             4             4    -0.150000000000000    0.000000000000000    
         6             2             6             2    0.300000000000000    0.000000000000000    
         6             3             3             6    0.699999999999999    0.000000000000000    
         6             3             5             4    0.150000000000000    0.000000000000000    
         6             4             4             6    0.699999999999999    0.000000000000000    
         6             4             6             4    0.150000000000000    0.000000000000000    
         6             5             5             6    0.849999999999999    0.000000000000000    
         6             6             6             6    0.849999999999999    0.000000000000000    
         6            13             3            16    -0.088732653061224    0.000000000000000    
         6            13             5            14    0.106151020408163    0.000000000000000    
         6            13            13             6    2.028278571428571    0.000000000000000    
         6            13            15             4    -0.047442857142857    0.000000000000000    
         6            14             4            16    -0.088732653061224    0.000000000000000    
         6            14             6            14    0.106151020408163    0.000000000000000    
         6            14            14             6    2.028278571428571    0.000000000000000    
         6            14            16             4    -0.047442857142857    0.000000000000000    
         6            15             3            18    0.017418367346939    0.000000000000000    
         6            15             5            16    0.123569387755102    0.000000000000000    
         6            15            15             6    2.075721428571429    0.000000000000000    
         6            15            17             4    0.047442857142857    0.000000000000000    
         6            16             4            18    0.017418367346939    0.000000000000000    
         6            16             6            16    0.123569387755102    0.000000000000000    
         6            16            16             6    2.075721428571429    0.000000000000000    
         6            16            18             4    0.047442857142857    0.000000000000000    
         6            17             1            14    -0.106151020408163    0.000000000000000    
         6            17             5            18    0.034836734693878    0.000000000000000    
         6            17            13             2    -0.094885714285714    0.000000000000000    
         6            17            17             6    2.028278571428571    0.000000000000000    
         6            18             2            14    -0.106151020408163    0.000000000000000    
         6            18             6            18    0.034836734693878    0.000000000000000    
         6            18            14             2    -0.094885714285714    0.000000000000000    
         6            18            18             6    2.028278571428571    0.000000000000000    
         7             7             7             7    0.849999999999999    0.000000000000000    
         7             8             8             7    0.849999999999999    0.000000000000000    
         7             9             7             9    0.150000000000000    0.000000000000000    
         7             9             9             7    0.699999999999999    0.000000000000000    
         7            10             8             9    0.150000000000000    0.000000000000000    
         7            10            10             7    0.699999999999999    0.000000000000000    
         7            11             7            11    0.300000000000000    0.000000000000000    
         7            11             9             9    -0.150000000000000    0.000000000000000    
         7            11            11             7    0.849999999999999    0.000000000000000    
         7            12             8            11    0.300000000000000    0.000000000000000    
         7            12            10             9    -0.150000000000000    0.000000000000000    
         7            12            12             7    0.849999999999999    0.000000000000000    
         7            19             7            19    0.034836734693878    0.000000000000000    
         7            19            11            23    -0.106151020408163    0.000000000000000    
         7            19            19             7    2.028278571428571    0.000000000000000    
         7            19            23            11    -0.094885714285714    0.000000000000000    
         7            20             8            19    0.034836734693878    0.000000000000000    
         7            20            12            23    -0.106151020408163    0.000000000000000    
         7            20            20             7    2.028278571428571    0.000000000000000    
         7            20            24            11    -0.094885714285714    0.000000000000000    
         7            21             7            21    0.123569387755102    0.000000000000000    
         7            21             9            19    0.017418367346939    0.000000000000000    
         7            21            19             9    0.047442857142857    0.000000000000000    
         7            21            21             7    2.075721428571429    0.000000000000000    
         7            22             8            21    0.123569387755102    0.000000000000000    
         7            22            10            19    0.017418367346939    0.000000000000000    
         7            22            20             9    0.047442857142857    0.000000000000000    
         7            22            22             7    2.075721428571429    0.000000000000000    
         7            23             7            23    0.106151020408163    0.000000000000000    
         7            23             9            21    -0.088732653061224    0.000000000000000    
         7            23            21             9    -0.047442857142857    0.000000000000000    
         7            23            23             7    2.028278571428571    0.000000000000000    
         7            24             8            23    0.106151020408163    0.000000000000000    
         7            24            10            21    -0.088732653061224    0.000000000000000    
         7            24            22             9    -0.047442857142857    0.000000000000000    
         7            24            24             7    2.028278571428571    0.000000000000000    
         8             7             7             8    0.849999999999999    0.000000000000000    
         8             8             8             8    0.849999999999999    0.000000000000000    
         8             9             7            10    0.150000000000000    0.000000000000000    
         8             9             9             8    0.699999999999999    0.000000000000000    
         8            10             8            10    0.150000000000000    0.000000000000000    
         8            10            10             8    0.699999999999999    0.000000000000000    
         8            11             7            12    0.300000000000000    0.000000000000000    
         8            11             9            10    -0.150000000000000    0.000000000000000    
         8            11            11             8    0.849999999999999    0.000000000000000    
         8            12             8            12    0.300000000000000    0.000000000000000    
         8            12            10            10    -0.150000000000000    0.000000000000000    
         8            12            12             8    0.849999999999999    0.000000000000000    
         8            19             7            20    0.034836734693878    0.000000000000000    
         8            19            11            24    -0.106151020408163    0.000000000000000    
         8            19            19             8    2.028278571428571    0.000000000000000    
         8            19            23            12    -0.094885714285714    0.000000000000000    
         8            20             8            20    0.034836734693878    0.000000000000000    
         8            20            12            24    -0.106151020408163    0.000000000000000    
         8            20            20             8    2.028278571428571    0.000000000000000    
         8            20            24            12    -0.094885714285714    0.000000000000000    
         8            21             7            22    0.123569387755102    0.000000000000000    
         8            21             9            20    0.017418367346939    0.000000000000000    
         8            21            19            10    0.047442857142857    0.000000000000000    
         8            21            21             8    2.075721428571429    0.000000000000000    
         8            22             8            22    0.123569387755102    0.000000000000000    
         8            22            10            20    0.017418367346939    0.000000000000000    
         8            22            20            10    0.047442857142857    0.000000000000000    
         8            22            22             8    2.075721428571429    0.000000000000000    
         8            23             7            24    0.106151020408163    0.000000000000000    
         8            23             9            22    -0.088732653061224    0.000000000000000    
         8            23            21            10    -0.047442857142857    0.000000000000000    
         8            23            23             8    2.028278571428571    0.000000000000000    
         8            24             8            24    0.106151020408163    0.000000000000000    
         8            24            10            22    -0.088732653061224    0.000000000000000    
         8            24            22            10    -0.047442857142857    0.000000000000000    
         8            24            24             8    2.028278571428571    0.000000000000000    
         9             7             7             9    0.699999999999999    0.000000000000000    
         9             7             9             7    0.150000000000000    0.000000000000000    
         9             8             8             9    0.699999999999999    0.000000000000000    
         9             8            10             7    0.150000000000000    0.000000000000000    
         9             9             7            11    -0.150000000000000    0.000000000000000    
         9             9             9             9    0.999999999999999    0.000000000000000    
         9             9            11             7    -0.150000000000000    0.000000000000000    
         9            10             8            11    -0.150000000000000    0.000000000000000    
         9            10            10             9    0.999999999999999    0.000000000000000    
         9            10            12             7    -0.150000000000000    0.000000000000000    
         9            11             9            11    0.150000000000000    0.000000000000000    
         9            11            11             9    0.699999999999999    0.000000000000000    
         9            12            10            11    0.150000000000000    0.000000000000000    
         9            12            12             9    0.699999999999999    0.000000000000000    
         9            19             7            21    0.017418367346939    0.000000000000000    
         9            19             9            19    0.123569387755102    0.000000000000000    
         9            19            19             9    2.075721428571429    0.000000000000000    
         9            19            21             7    0.047442857142857    0.000000000000000    
         9            20             8            21    0.017418367346939    0.000000000000000    
         9            20            10            19    0.123569387755102    0.000000000000000    
         9            20            20             9    2.075721428571429    0.000000000000000    
         9            20            22             7    0.047442857142857    0.000000000000000    
         9            21             7            23    -0.088732653061224    0.000000000000000    
         9            21             9            21    0.017418367346939    0.000000000000000    
         9            21            11            19    -0.088732653061224    0.000000000000000    
         9            21            19            11    -0.047442857142857    0.000000000000000    
         9            21            21             9    1.980835714285714    0.000000000000000    
         9            21            23             7    -0.047442857142857    0.000000000000000    
         9            22             8            23    -0.088732653061224    0.000000000000000    
         9            22            10            21    0.017418367346939    0.000000000000000    
         9            22            12            19    -0.088732653061224    0.000000000000000    
         9            22            20            11    -0.047442857142857    0.000000000000000    
         9            22            22             9    1.980835714285714    0.000000000000000    
         9            22            24             7    -0.047442857142857    0.000000000000000    
         9            23             9            23    0.123569387755102    0.000000000000000    
         9            23            11            21    0.017418367346939    0.000000000000000    
         9            23            21            11    0.047442857142857    0.000000000000000    
         9            23            23             9    2.075721428571429    0.000000000000000    
         9            24            10            23    0.123569387755102    0.000000000000000    
         9            24            12            21    0.017418367346939    0.000000000000000    
         9            24            22            11    0.047442857142857    0.000000000000000    
         9            24            24             9    2.075721428571429    0.000000000000000    
        10             7             7            10    0.699999999999999    0.000000000000000    
        10             7             9             8    0.150000000000000    0.000000000000000    
        10             8             8            10    0.699999999999999    0.000000000000000    
        10             8            10             8    0.150000000000000    0.000000000000000    
        10             9             7            12    -0.150000000000000    0.000000000000000    
        10             9             9            10    0.999999999999999    0.000000000000000    
        10             9            11             8    -0.150000000000000    0.000000000000000    
        10            10             8            12    -0.150000000000000    0.000000000000000    
        10            10            10            10    0.999999999999999    0.000000000000000    
        10            10            12             8    -0.150000000000000    0.000000000000000    
        10            11             9            12    0.150000000000000    0.000000000000000    
        10            11            11            10    0.699999999999999    0.000000000000000    
        10            12            10            12    0.150000000000000    0.000000000000000    
        10            12            12            10    0.699999999999999    0.000000000000000    
        10            19             7            22    0.017418367346939    0.000000000000000    
        10            19             9            20    0.123569387755102    0.000000000000000    
        10            19            19            10    2.075721428571429    0.000000000000000    
        10            19            21             8    0.047442857142857    0.000000000000000    
        10            20             8            22    0.017418367346939    0.000000000000000    
        10            20            10            20    0.123569387755102    0.000000000000000    
        10            20            20            10    2.075721428571429    0.000000000000000    
        10            20            22             8    0.047442857142857    0.000000000000000    
        10            21             7            24    -0.088732653061224    0.000000000000000    
        10            21             9            22    0.017418367346939    0.000000000000000    
        10            21            11            20    -0.088732653061224    0.000000000000000    
        10            21            19            12    -0.047442857142857    0.000000000000000    
        10            21            21            10    1.980835714285714    0.000000000000000    
        10            21            23             8    -0.047442857142857    0.000000000000000    
        10            22             8            24    -0.088732653061224    0.000000000000000    
        10            22            10            22    0.017418367346939    0.000000000000000    
        10            22            12            20    -0.088732653061224    0.000000000000000    
        10            22            20            12    -0.047442857142857    0.000000000000000    
        10            22            22            10    1.980835714285714    0.000000000000000    
        10            22            24             8    -0.047442857142857    0.000000000000000    
        10            23             9            24    0.123569387755102    0.000000000000000    
        10            23            11            22    0.017418367346939    0.000000000000000    
        10            23            21            12    0.047442857142857    0.000000000000000    
        10            23            23            10    2.075721428571429    0.000000000000000    
        10            24            10            24    0.123569387755102    0.000000000000000    
        10            24            12            22    0.017418367346939    0.000000000000000    
        10            24            22            12    0.047442857142857    0.000000000000000    
        10            24            24            10    2.075721428571429    0.000000000000000    
        11             7             7            11    0.849999999999999    0.000000000000000    
        11             7             9             9    -0.150000000000000    0.000000000000000    
        11             7            11             7    0.300000000000000    0.000000000000000    
        11             8             8            11    0.849999999999999    0.000000000000000    
        11             8            10             9    -0.150000000000000    0.000000000000000    
        11             8            12             7    0.300000000000000    0.000000000000000    
        11             9             9            11    0.699999999999999    0.000000000000000    
        11             9            11             9    0.150000000000000    0.000000000000000    
        11            10            10            11    0.699999999999999    0.000000000000000    
        11            10            12             9    0.150000000000000    0.000000000000000    
        11            11            11            11    0.849999999999999    0.000000000000000    
        11            12            12            11    0.849999999999999    0.000000000000000    
        11            19             9            21    -0.088732653061224    0.000000000000000    
        11            19            11            19    0.106151020408163    0.000000000000000    
        11            19            19            11    2.028278571428571    0.000000000000000    
        11            19            21             9    -0.047442857142857    0.000000000000000    
        11            20            10            21    -0.088732653061224    0.000000000000000    
        11            20            12            19    0.106151020408163    0.000000000000000    
        11            20            20            11    2.028278571428571    0.000000000000000    
        11            20            22             9    -0.047442857142857    0.000000000000000    
        11            21             9            23    0.017418367346939    0.000000000000000    
        11            21            11            21    0.123569387755102    0.000000000000000    
        11            21            21            11    2.075721428571429    0.000000000000000    
        11            21            23             9    0.047442857142857    0.000000000000000    
        11            22            10            23    0.017418367346939    0.000000000000000    
        11            22            12            21    0.123569387755102    0.000000000000000    
        11            22            22            11    2.075721428571429    0.000000000000000    
        11            22            24             9    0.047442857142857    0.000000000000000    
        11            23             7            19    -0.106151020408163    0.000000000000000    
        11            23            11            23    0.034836734693878    0.000000000000000    
        11            23            19             7    -0.094885714285714    0.000000000000000    
        11            23            23            11    2.028278571428571    0.000000000000000    
        11            24             8            19    -0.106151020408163    0.000000000000000    
        11            24            12            23    0.034836734693878    0.000000000000000    
        11            24            20             7    -0.094885714285714    0.000000000000000    
        11            24            24            11    2.028278571428571    0.000000000000000    
        12             7             7            12    0.849999999999999    0.000000000000000    
        12             7             9            10    -0.150000000000000    0.000000000000000    
        12             7            11             8    0.300000000000000    0.000000000000000    
        12             8             8            12    0.849999999999999    0.000000000000000    
        12             8            10            10    -0.150000000000000    0.000000000000000    
        12             8            12             8    0.300000000000000    0.000000000000000    
        12             9             9            12    0.699999999999999    0.000000000000000    
        12             9            11            10    0.150000000000000    0.000000000000000    
        12            10            10            12    0.699999999999999    0.000000000000000    
        12            10            12            10    0.150000000000000    0.000000000000000    
        12            11            11            12    0.849999999999999    0.000000000000000    
        12            12            12            12    0.849999999999999    0.000000000000000    
        12            19             9            22    -0.088732653061224    0.000000000000000    
        12            19            11            20    0.106151020408163    0.000000000000000    
        12            19            19            12    2.028278571428571    0.000000000000000    
        12            19            21            10    -0.047442857142857    0.000000000000000    
        12            20            10            22    -0.088732653061224    0.000000000000000    
        12            20            12            20    0.106151020408163    0.000000000000000    
        12            20            20            12    2.028278571428571    0.000000000000000    
        12            20            22            10    -0.047442857142857    0.000000000000000    
        12            21             9            24    0.017418367346939    0.000000000000000    
        12            21            11            22    0.123569387755102    0.000000000000000    
        12            21            21            12    2.075721428571429    0.000000000000000    
        12            21            23            10    0.047442857142857    0.000000000000000    
        12            22            10            24    0.017418367346939    0.000000000000000    
        12            22            12            22    0.123569387755102    0.000000000000000    
        12            22            22            12    2.075721428571429    0.000000000000000    
        12            22            24            10    0.047442857142857    0.000000000000000    
        12            23             7            20    -0.106151020408163    0.000000000000000    
        12            23            11            24    0.034836734693878    0.000000000000000    
        12            23            19             8    -0.094885714285714    0.000000000000000    
        12            23            23            12    2.028278571428571    0.000000000000000    
        12            24             8            20    -0.106151020408163    0.000000000000000    
        12            24            12            24    0.034836734693878    0.000000000000000    
        12            24            20             8    -0.094885714285714    0.000000000000000    
        12            24            24            12    2.028278571428571    0.000000000000000    
        13             1             1            13    0.028278571428571    0.000000000000000    
        13             1             5            17    -0.094885714285714    0.000000000000000    
        13             1            13             1    0.034836734693878    0.000000000000000    
        13             1            17             5    -0.106151020408163    0.000000000000000    
        13             2             2            13    0.028278571428571    0.000000000000000    
        13             2             6            17    -0.094885714285714    0.000000000000000    
        13             2            14             1    0.034836734693878    0.000000000000000    
        13             2            18             5    -0.106151020408163    0.000000000000000    
        13             3             1            15    0.047442857142857    0.000000000000000    
        13             3             3            13    0.075721428571429    0.000000000000000    
        13             3            13             3    0.123569387755102    0.000000000000000    
        13             3            15             1    0.017418367346939    0.000000000000000    
        13             4             2            15    0.047442857142857    0.000000000000000    
        13             4             4            13    0.075721428571429    0.000000000000000    
        13             4            14             3    0.123569387755102    0.000000000000000    
        13             4            16             1    0.017418367346939    0.000000000000000    
        13             5             3            15    -0.047442857142857    0.000000000000000    
        13             5             5            13    0.028278571428571    0.000000000000000    
        13             5            13             5    0.106151020408163    0.000000000000000    
        13             5            15             3    -0.088732653061224    0.000000000000000    
        13             6             4            15    -0.047442857142857    0.000000000000000    
        13             6             6            13    0.028278571428571    0.000000000000000    
        13             6            14             5    0.106151020408163    0.000000000000000    
        13             6            16             3    -0.088732653061224    0.000000000000000    
        14             1             1            14    0.028278571428571    0.000000000000000    
        14             1             5            18    -0.094885714285714    0.000000000000000    
        14             1            13             2    0.034836734693878    0.000000000000000    
        14             1            17             6    -0.106151020408163    0.000000000000000    
        14             2             2            14    0.028278571428571    0.000000000000000    
        14             2             6            18    -0.094885714285714    0.000000000000000    
        14             2            14             2    0.034836734693878    0.000000000000000    
        14             2            18             6    -0.106151020408163    0.000000000000000    
        14             3             1            16    0.047442857142857    0.000000000000000    
        14             3             3            14    0.075721428571429    0.000000000000000    
        14             3            13             4    0.123569387755102    0.000000000000000    
        14             3            15             2    0.017418367346939    0.000000000000000    
        14             4             2            16    0.047442857142857    0.000000000000000    
        14             4             4            14    0.075721428571429    0.000000000000000    
        14             4            14             4    0.123569387755102    0.000000000000000    
        14             4            16             2    0.017418367346939    0.000000000000000    
        14             5             3            16    -0.047442857142857    0.000000000000000    
        14             5             5            14    0.028278571428571    0.000000000000000    
        14             5            13             6    0.106151020408163    0.000000000000000    
        14             5            15             4    -0.088732653061224    0.000000000000000    
        14             6             4            16    -0.047442857142857    0.000000000000000    
        14             6             6            14    0.028278571428571    0.000000000000000    
        14             6            14             6    0.106151020408163    0.000000000000000    
        14             6            16             4    -0.088732653061224    0.000000000000000    
        15             1             1            15    0.075721428571429    0.000000000000000    
        15             1             3            13    0.047442857142857    0.000000000000000    
        15             1            13             3    0.017418367346939    0.000000000000000    
        15             1            15             1    0.123569387755102    0.000000000000000    
        15             2             2            15    0.075721428571429    0.000000000000000    
        15             2             4            13    0.047442857142857    0.000000000000000    
        15             2            14             3    0.017418367346939    0.000000000000000    
        15             2            16             1    0.123569387755102    0.000000000000000    
        15             3             1            17    -0.047442857142857    0.000000000000000    
        15             3             3            15    -0.019164285714286    0.000000000000000    
        15             3             5            13    -0.047442857142857    0.000000000000000    
        15             3            13             5    -0.088732653061224    0.000000000000000    
        15             3            15             3    0.017418367346939    0.000000000000000    
        15             3            17             1    -0.088732653061224    0.000000000000000    
        15             4             2            17    -0.047442857142857    0.000000000000000    
        15             4             4            15    -0.019164285714286    0.000000000000000    
        15             4             6            13    -0.047442857142857    0.000000000000000    
        15             4            14             5    -0.088732653061224    0.000000000000000    
        15             4            16             3    0.017418367346939    0.000000000000000    
        15             4            18             1    -0.088732653061224    0.000000000000000    
        15             5             3            17    0.047442857142857    0.000000000000000    
        15             5             5            15    0.075721428571429    0.000000000000000    
        15             5            15             5    0.123569387755102    0.000000000000000    
        15             5            17             3    0.017418367346939    0.000000000000000    
        15             6             4            17    0.047442857142857    0.000000000000000    
        15             6             6            15    0.075721428571429    0.000000000000000    
        15             6            16             5    0.123569387755102    0.000000000000000    
        15             6            18             3    0.017418367346939    0.000000000000000    
        16             1             1            16    0.075721428571429    0.000000000000000    
        16             1             3            14    0.047442857142857    0.000000000000000    
        16             1            13             4    0.017418367346939    0.000000000000000    
        16             1            15             2    0.123569387755102    0.000000000000000    
        16             2             2            16    0.075721428571429    0.000000000000000    
        16             2             4            14    0.047442857142857    0.000000000000000    
        16             2            14             4    0.017418367346939    0.000000000000000    
        16             2            16             2    0.123569387755102    0.000000000000000    
        16             3             1            18    -0.047442857142857    0.000000000000000    
        16             3             3            16    -0.019164285714286    0.000000000000000    
        16             3             5            14    -0.047442857142857    0.000000000000000    
        16             3            13             6    -0.088732653061224    0.000000000000000    
        16             3            15             4    0.017418367346939    0.000000000000000    
        16             3            17             2    -0.088732653061224    0.000000000000000    
        16             4             2            18    -0.047442857142857    0.000000000000000    
        16             4             4            16    -0.019164285714286    0.000000000000000    
        16             4             6            14    -0.047442857142857    0.000000000000000    
        16             4            14             6    -0.088732653061224    0.000000000000000    
        16             4            16             4    0.017418367346939    0.000000000000000    
        16             4            18             2    -0.088732653061224    0.000000000000000    
        16             5             3            18    0.047442857142857    0.000000000000000    
        16             5             5            16    0.075721428571429    0.000000000000000    
        16             5            15             6    0.123569387755102    0.000000000000000    
        16             5            17             4    0.017418367346939    0.000000000000000    
        16             6             4            18    0.047442857142857    0.000000000000000    
        16             6             6            16    0.075721428571429    0.000000000000000    
        16             6            16             6    0.123569387755102    0.000000000000000    
        16             6            18             4    0.017418367346939    0.000000000000000    
        17             1             1            17    0.028278571428571    0.000000000000000    
        17             1             3            15    -0.047442857142857    0.000000000000000    
        17             1            15             3    -0.088732653061224    0.000000000000000    
        17             1            17             1    0.106151020408163    0.000000000000000    
        17             2             2            17    0.028278571428571    0.000000000000000    
        17             2             4            15    -0.047442857142857    0.000000000000000    
        17             2            16             3    -0.088732653061224    0.000000000000000    
        17             2            18             1    0.106151020408163    0.000000000000000    
        17             3             3            17    0.075721428571429    0.000000000000000    
        17             3             5            15    0.047442857142857    0.000000000000000    
        17             3            15             5    0.017418367346939    0.000000000000000    
        17             3            17             3    0.123569387755102    0.000000000000000    
        17             4             4            17    0.075721428571429    0.000000000000000    
        17             4             6            15    0.047442857142857    0.000000000000000    
        17             4            16             5    0.017418367346939    0.000000000000000    
        17             4            18             3    0.123569387755102    0.000000000000000    
        17             5             1            13    -0.094885714285714    0.000000000000000    
        17             5             5            17    0.028278571428571    0.000000000000000    
        17             5            13             1    -0.106151020408163    0.000000000000000    
        17             5            17             5    0.034836734693878    0.000000000000000    
        17             6             2            13    -0.094885714285714    0.000000000000000    
        17             6             6            17    0.028278571428571    0.000000000000000    
        17             6            14             1    -0.106151020408163    0.000000000000000    
        17             6            18             5    0.034836734693878    0.000000000000000    
        18             1             1            18    0.028278571428571    0.000000000000000    
        18             1             3            16    -0.047442857142857    0.000000000000000    
        18             1            15             4    -0.088732653061224    0.000000000000000    
        18             1            17             2    0.106151020408163    0.000000000000000    
        18             2             2            18    0.028278571428571    0.000000000000000    
        18             2             4            16    -0.047442857142857    0.000000000000000    
        18             2            16             4    -0.088732653061224    0.000000000000000    
        18             2            18             2    0.106151020408163    0.000000000000000    
        18             3             3            18    0.075721428571429    0.000000000000000    
        18             3             5            16    0.047442857142857    0.000000000000000    
        18             3            15             6    0.017418367346939    0.000000000000000    
        18             3            17             4    0.123569387755102    0.000000000000000    
        18             4             4            18    0.075721428571429    0.000000000000000    
        18             4             6            16    0.047442857142857    0.000000000000000    
        18             4            16             6    0.017418367346939    0.000000000000000    
        18             4            18             4    0.123569387755102    0.000000000000000    
        18             5             1            14    -0.094885714285714    0.000000000000000    
        18             5             5            18    0.028278571428571    0.000000000000000    
        18             5            13             2    -0.106151020408163    0.000000000000000    
        18             5            17             6    0.034836734693878    0.000000000000000    
        18             6             2            14    -0.094885714285714    0.000000000000000    
        18             6             6            18    0.028278571428571    0.000000000000000    
        18             6            14             2    -0.106151020408163    0.000000000000000    
        18             6            18             6    0.034836734693878    0.000000000000000    
        19             7             7            19    0.028278571428571    0.000000000000000    
        19             7            11            23    -0.094885714285714    0.000000000000000    
        19             7            19             7    0.034836734693878    0.000000000000000    
        19             7            23            11    -0.106151020408163    0.000000000000000    
        19             8             8            19    0.028278571428571    0.000000000000000    
        19             8            12            23    -0.094885714285714    0.000000000000000    
        19             8            20             7    0.034836734693878    0.000000000000000    
        19             8            24            11    -0.106151020408163    0.000000000000000    
        19             9             7            21    0.047442857142857    0.000000000000000    
        19             9             9            19    0.075721428571429    0.000000000000000    
        19             9            19             9    0.123569387755102    0.000000000000000    
        19             9            21             7    0.017418367346939    0.000000000000000    
        19            10             8            21    0.047442857142857    0.000000000000000    
        19            10            10            19    0.075721428571429    0.000000000000000    
        19            10            20             9    0.123569387755102    0.000000000000000    
        19            10            22             7    0.017418367346939    0.000000000000000    
        19            11             9            21    -0.047442857142857    0.000000000000000    
        19            11            11            19    0.028278571428571    0.000000000000000    
        19            11            19            11    0.106151020408163    0.000000000000000    
        19            11            21             9    -0.088732653061224    0.000000000000000    
        19            12            10            21    -0.047442857142857    0.000000000000000    
        19            12            12            19    0.028278571428571    0.000000000000000    
        19            12            20            11    0.106151020408163    0.000000000000000    
        19            12            22             9    -0.088732653061224    0.000000000000000    
        20             7             7            20    0.028278571428571    0.000000000000000    
        20             7            11            24    -0.094885714285714    0.000000000000000    
        20             7            19             8    0.034836734693878    0.000000000000000    
        20             7            23            12    -0.106151020408163    0.000000000000000    
        20             8             8            20    0.028278571428571    0.000000000000000    
        20             8            12            24    -0.094885714285714    0.000000000000000    
        20             8            20             8    0.034836734693878    0.000000000000000    
        20             8            24            12    -0.106151020408163    0.000000000000000    
        20             9             7            22    0.047442857142857    0.000000000000000    
        20             9             9            20    0.075721428571429    0.000000000000000    
        20             9            19            10    0.123569387755102    0.000000000000000    
        20             9            21             8    0.017418367346939    0.000000000000000    
        20            10             8            22    0.047442857142857    0.000000000000000    
        20            10            10            20    0.075721428571429    0.000000000000000    
        20            10            20            10    0.123569387755102    0.000000000000000    
        20            10            22             8    0.017418367346939    0.000000000000000    
        20            11             9            22    -0.047442857142857    0.000000000000000    
        20            11            11            20    0.028278571428571    0.000000000000000    
        20            11            19            12    0.106151020408163    0.000000000000000    
        20            11            21            10    -0.088732653061224    0.000000000000000    
        20            12            10            22    -0.047442857142857    0.000000000000000    
        20            12            12            20    0.028278571428571    0.000000000000000    
        20            12            20            12    0.106151020408163    0.000000000000000    
        20            12            22            10    -0.088732653061224    0.000000000000000    
        21             7             7            21    0.075721428571429    0.000000000000000    
        21             7             9            19    0.047442857142857    0.000000000000000    
        21             7            19             9    0.017418367346939    0.000000000000000    
        21             7            21             7    0.123569387755102    0.000000000000000    
        21             8             8            21    0.075721428571429    0.000000000000000    
        21             8            10            19    0.047442857142857    0.000000000000000    
        21             8            20             9    0.017418367346939    0.000000000000000    
        21             8            22             7    0.123569387755102    0.000000000000000    
        21             9             7            23    -0.047442857142857    0.000000000000000    
        21             9             9            21    -0.019164285714286    0.000000000000000    
        21             9            11            19    -0.047442857142857    0.000000000000000    
        21             9            19            11    -0.088732653061224    0.000000000000000    
        21             9            21             9    0.017418367346939    0.000000000000000    
        21             9            23             7    -0.088732653061224    0.000000000000000    
        21            10             8            23    -0.047442857142857    0.000000000000000    
        21            10            10            21    -0.019164285714286    0.000000000000000    
        21            10            12            19    -0.047442857142857    0.000000000000000    
        21            10            20            11    -0.088732653061224    0.000000000000000    
        21            10            22             9    0.017418367346939    0.000000000000000    
        21            10            24             7    -0.088732653061224    0.000000000000000    
        21            11             9            23    0.047442857142857    0.000000000000000    
        21            11            11            21    0.075721428571429    0.000000000000000    
        21            11            21            11    0.123569387755102    0.000000000000000    
        21            11            23             9    0.017418367346939    0.000000000000000    
        21            12            10            23    0.047442857142857    0.000000000000000    
        21            12            12            21    0.075721428571429    0.000000000000000    
        21            12            22            11    0.123569387755102    0.000000000000000    
        21            12            24             9    0.017418367346939    0.000000000000000    
        22             7             7            22    0.075721428571429    0.000000000000000    
        22             7             9            20    0.047442857142857    0.000000000000000    
        22             7            19            10    0.017418367346939    0.000000000000000    
        22             7            21             8    0.123569387755102    0.000000000000000    
        22             8             8            22    0.075721428571429    0.000000000000000    
        22             8            10            20    0.047442857142857    0.000000000000000    
        22             8            20            10    0.017418367346939    0.000000000000000    
        22             8            22             8    0.123569387755102    0.000000000000000    
        22             9             7            24    -0.047442857142857    0.000000000000000    
        22             9             9            22    -0.019164285714286    0.000000000000000    
        22             9            11            20    -0.047442857142857    0.000000000000000    
        22             9            19            12    -0.088732653061224    0.000000000000000    
        22             9            21            10    0.017418367346939    0.000000000000000    
        22             9            23             8    -0.088732653061224    0.000000000000000    
        22            10             8            24    -0.047442857142857    0.000000000000000    
        22            10            10            22    -0.019164285714286    0.000000000000000    
        22            10            12            20    -0.047442857142857    0.000000000000000    
        22            10            20            12    -0.088732653061224    0.000000000000000    
        22            10            22            10    0.017418367346939    0.000000000000000    
        22            10            24             8    -0.088732653061224    0.000000000000000    
        22            11             9            24    0.047442857142857    0.000000000000000    
        22            11            11            22    0.075721428571429    0.000000000000000    
        22            11            21            12    0.123569387755102    0.000000000000000    
        22            11            23            10    0.017418367346939    0.000000000000000    
        22            12            10            24    0.047442857142857    0.000000000000000    
        22            12            12            22    0.075721428571429    0.000000000000000    
        22            12            22            12    0.123569387755102    0.000000000000000    
        22            12            24            10    0.017418367346939    0.000000000000000    
        23             7             7            23    0.028278571428571    0.000000000000000    
        23             7             9            21    -0.047442857142857    0.000000000000000    
        23             7            21             9    -0.088732653061224    0.000000000000000    
        23             7            23             7    0.106151020408163    0.000000000000000    
        23             8             8            23    0.028278571428571    0.000000000000000    
        23             8            10            21    -0.047442857142857    0.000000000000000    
        23             8            22             9    -0.088732653061224    0.000000000000000    
        23             8            24             7    0.106151020408163    0.000000000000000    
        23             9             9            23    0.075721428571429    0.000000000000000    
        23             9            11            21    0.047442857142857    0.000000000000000    
        23             9            21            11    0.017418367346939    0.000000000000000    
        23             9            23             9    0.123569387755102    0.000000000000000    
        23            10            10            23    0.075721428571429    0.000000000000000    
        23            10            12            21    0.047442857142857    0.000000000000000    
        23            10            22            11    0.017418367346939    0.000000000000000    
        23            10            24             9    0.123569387755102    0.000000000000000    
        23            11             7            19    -0.094885714285714    0.000000000000000    
        23            11            11            23    0.028278571428571    0.000000000000000    
        23            11            19             7    -0.106151020408163    0.000000000000000    
        23            11            23            11    0.034836734693878    0.000000000000000    
        23            12             8            19    -0.094885714285714    0.000000000000000    
        23            12            12            23    0.028278571428571    0.000000000000000    
        23            12            20             7    -0.106151020408163    0.000000000000000    
        23            12            24            11    0.034836734693878    0.000000000000000    
        24             7             7            24    0.028278571428571    0.000000000000000    
        24             7             9            22    -0.047442857142857    0.000000000000000    
        24             7            21            10    -0.088732653061224    0.000000000000000    
        24             7            23             8    0.106151020408163    0.000000000000000    
        24             8             8            24    0.028278571428571    0.000000000000000    
        24             8            10            22    -0.047442857142857    0.000000000000000    
        24             8            22            10    -0.088732653061224    0.000000000000000    
        24             8            24             8    0.106151020408163    0.000000000000000    
        24             9             9            24    0.075721428571429    0.000000000000000    
        24             9            11            22    0.047442857142857    0.000000000000000    
        24             9            21            12    0.017418367346939    0.000000000000000    
        24             9            23            10    0.123569387755102    0.000000000000000    
        24            10            10            24    0.075721428571429    0.000000000000000    
        24            10            12            22    0.047442857142857    0.000000000000000    
        24            10            22            12    0.017418367346939    0.000000000000000    
        24            10            24            10    0.123569387755102    0.000000000000000    
        24            11             7            20    -0.094885714285714    0.000000000000000    
        24            11            11            24    0.028278571428571    0.000000000000000    
        24            11            19             8    -0.106151020408163    0.000000000000000    
        24            11            23            12    0.034836734693878    0.000000000000000    
        24            12             8            20    -0.094885714285714    0.000000000000000    
        24            12            12            24    0.028278571428571    0.000000000000000    
        24            12            20             8    -0.106151020408163    0.000000000000000    
        24            12            24            12    0.034836734693878    0.000000000000000    
