                  24
        13             3    -0.196059809553835    0.436723273059825    
        13             5    0.015718184550120    -0.203518071576169    
        14             4    -0.196059809553835    0.436723273059825    
        14             6    0.015718184550120    -0.203518071576169    
        15             1    -0.126676386282126    -0.461648956798208    
        15             5    0.196059809553835    -0.436723273059825    
        16             2    -0.126676386282126    -0.461648956798208    
        16             6    0.196059809553835    -0.436723273059825    
        17             1    -0.015718184550120    0.203518071576169    
        17             3    0.126676386282126    0.461648956798208    
        18             2    -0.015718184550120    0.203518071576169    
        18             4    0.126676386282126    0.461648956798208    
        19             9    0.018551545966062    -0.478353955033970    
        19            11    0.061516066148465    0.194634119283469    
        20            10    0.018551545966062    -0.478353955033970    
        20            12    0.061516066148465    0.194634119283469    
        21             7    0.290096598893744    0.380802612208286    
        21            11    -0.018551545966062    0.478353955033970    
        22             8    0.290096598893744    0.380802612208286    
        22            12    -0.018551545966062    0.478353955033970    
        23             7    -0.061516066148465    -0.194634119283469    
        23             9    -0.290096598893744    -0.380802612208286    
        24             8    -0.061516066148465    -0.194634119283469    
        24            10    -0.290096598893744    -0.380802612208286    
