220
511
767
895
959
991
1007
1015
1019
1021
1022
1279
1407
1471
1503
1519
1527
1531
1533
1534
1663
1727
1759
1775
1783
1787
1789
1790
1855
1887
1903
1911
1915
1917
1918
1951
1967
1975
1979
1981
1982
1999
2007
2011
2013
2014
2023
2027
2029
2030
2035
2037
2038
2041
2042
2044
2303
2431
2495
2527
2543
2551
2555
2557
2558
2687
2751
2783
2799
2807
2811
2813
2814
2879
2911
2927
2935
2939
2941
2942
2975
2991
2999
3003
3005
3006
3023
3031
3035
3037
3038
3047
3051
3053
3054
3059
3061
3062
3065
3066
3068
3199
3263
3295
3311
3319
3323
3325
3326
3391
3423
3439
3447
3451
3453
3454
3487
3503
3511
3515
3517
3518
3535
3543
3547
3549
3550
3559
3563
3565
3566
3571
3573
3574
3577
3578
3580
3647
3679
3695
3703
3707
3709
3710
3743
3759
3767
3771
3773
3774
3791
3799
3803
3805
3806
3815
3819
3821
3822
3827
3829
3830
3833
3834
3836
3871
3887
3895
3899
3901
3902
3919
3927
3931
3933
3934
3943
3947
3949
3950
3955
3957
3958
3961
3962
3964
3983
3991
3995
3997
3998
4007
4011
4013
4014
4019
4021
4022
4025
4026
4028
4039
4043
4045
4046
4051
4053
4054
4057
4058
4060
4067
4069
4070
4073
4074
4076
4081
4082
4084
4088
