                 152
         1             1             1             1    0.849999999999999    0.000000000000000    
         1             2             2             1    0.849999999999999    0.000000000000000    
         1             3             1             3    0.150000000000000    0.000000000000000    
         1             3             3             1    0.699999999999999    0.000000000000000    
         1             4             2             3    0.150000000000000    0.000000000000000    
         1             4             4             1    0.699999999999999    0.000000000000000    
         1             5             1             5    0.300000000000000    0.000000000000000    
         1             5             3             3    -0.150000000000000    0.000000000000000    
         1             5             5             1    0.849999999999999    0.000000000000000    
         1             6             2             5    0.300000000000000    0.000000000000000    
         1             6             4             3    -0.150000000000000    0.000000000000000    
         1             6             6             1    0.849999999999999    0.000000000000000    
         2             1             1             2    0.849999999999999    0.000000000000000    
         2             2             2             2    0.849999999999999    0.000000000000000    
         2             3             1             4    0.150000000000000    0.000000000000000    
         2             3             3             2    0.699999999999999    0.000000000000000    
         2             4             2             4    0.150000000000000    0.000000000000000    
         2             4             4             2    0.699999999999999    0.000000000000000    
         2             5             1             6    0.300000000000000    0.000000000000000    
         2             5             3             4    -0.150000000000000    0.000000000000000    
         2             5             5             2    0.849999999999999    0.000000000000000    
         2             6             2             6    0.300000000000000    0.000000000000000    
         2             6             4             4    -0.150000000000000    0.000000000000000    
         2             6             6             2    0.849999999999999    0.000000000000000    
         3             1             1             3    0.699999999999999    0.000000000000000    
         3             1             3             1    0.150000000000000    0.000000000000000    
         3             2             2             3    0.699999999999999    0.000000000000000    
         3             2             4             1    0.150000000000000    0.000000000000000    
         3             3             1             5    -0.150000000000000    0.000000000000000    
         3             3             3             3    0.999999999999999    0.000000000000000    
         3             3             5             1    -0.150000000000000    0.000000000000000    
         3             4             2             5    -0.150000000000000    0.000000000000000    
         3             4             4             3    0.999999999999999    0.000000000000000    
         3             4             6             1    -0.150000000000000    0.000000000000000    
         3             5             3             5    0.150000000000000    0.000000000000000    
         3             5             5             3    0.699999999999999    0.000000000000000    
         3             6             4             5    0.150000000000000    0.000000000000000    
         3             6             6             3    0.699999999999999    0.000000000000000    
         4             1             1             4    0.699999999999999    0.000000000000000    
         4             1             3             2    0.150000000000000    0.000000000000000    
         4             2             2             4    0.699999999999999    0.000000000000000    
         4             2             4             2    0.150000000000000    0.000000000000000    
         4             3             1             6    -0.150000000000000    0.000000000000000    
         4             3             3             4    0.999999999999999    0.000000000000000    
         4             3             5             2    -0.150000000000000    0.000000000000000    
         4             4             2             6    -0.150000000000000    0.000000000000000    
         4             4             4             4    0.999999999999999    0.000000000000000    
         4             4             6             2    -0.150000000000000    0.000000000000000    
         4             5             3             6    0.150000000000000    0.000000000000000    
         4             5             5             4    0.699999999999999    0.000000000000000    
         4             6             4             6    0.150000000000000    0.000000000000000    
         4             6             6             4    0.699999999999999    0.000000000000000    
         5             1             1             5    0.849999999999999    0.000000000000000    
         5             1             3             3    -0.150000000000000    0.000000000000000    
         5             1             5             1    0.300000000000000    0.000000000000000    
         5             2             2             5    0.849999999999999    0.000000000000000    
         5             2             4             3    -0.150000000000000    0.000000000000000    
         5             2             6             1    0.300000000000000    0.000000000000000    
         5             3             3             5    0.699999999999999    0.000000000000000    
         5             3             5             3    0.150000000000000    0.000000000000000    
         5             4             4             5    0.699999999999999    0.000000000000000    
         5             4             6             3    0.150000000000000    0.000000000000000    
         5             5             5             5    0.849999999999999    0.000000000000000    
         5             6             6             5    0.849999999999999    0.000000000000000    
         6             1             1             6    0.849999999999999    0.000000000000000    
         6             1             3             4    -0.150000000000000    0.000000000000000    
         6             1             5             2    0.300000000000000    0.000000000000000    
         6             2             2             6    0.849999999999999    0.000000000000000    
         6             2             4             4    -0.150000000000000    0.000000000000000    
         6             2             6             2    0.300000000000000    0.000000000000000    
         6             3             3             6    0.699999999999999    0.000000000000000    
         6             3             5             4    0.150000000000000    0.000000000000000    
         6             4             4             6    0.699999999999999    0.000000000000000    
         6             4             6             4    0.150000000000000    0.000000000000000    
         6             5             5             6    0.849999999999999    0.000000000000000    
         6             6             6             6    0.849999999999999    0.000000000000000    
         7             7             7             7    0.849999999999999    0.000000000000000    
         7             8             8             7    0.849999999999999    0.000000000000000    
         7             9             7             9    0.150000000000000    0.000000000000000    
         7             9             9             7    0.699999999999999    0.000000000000000    
         7            10             8             9    0.150000000000000    0.000000000000000    
         7            10            10             7    0.699999999999999    0.000000000000000    
         7            11             7            11    0.300000000000000    0.000000000000000    
         7            11             9             9    -0.150000000000000    0.000000000000000    
         7            11            11             7    0.849999999999999    0.000000000000000    
         7            12             8            11    0.300000000000000    0.000000000000000    
         7            12            10             9    -0.150000000000000    0.000000000000000    
         7            12            12             7    0.849999999999999    0.000000000000000    
         8             7             7             8    0.849999999999999    0.000000000000000    
         8             8             8             8    0.849999999999999    0.000000000000000    
         8             9             7            10    0.150000000000000    0.000000000000000    
         8             9             9             8    0.699999999999999    0.000000000000000    
         8            10             8            10    0.150000000000000    0.000000000000000    
         8            10            10             8    0.699999999999999    0.000000000000000    
         8            11             7            12    0.300000000000000    0.000000000000000    
         8            11             9            10    -0.150000000000000    0.000000000000000    
         8            11            11             8    0.849999999999999    0.000000000000000    
         8            12             8            12    0.300000000000000    0.000000000000000    
         8            12            10            10    -0.150000000000000    0.000000000000000    
         8            12            12             8    0.849999999999999    0.000000000000000    
         9             7             7             9    0.699999999999999    0.000000000000000    
         9             7             9             7    0.150000000000000    0.000000000000000    
         9             8             8             9    0.699999999999999    0.000000000000000    
         9             8            10             7    0.150000000000000    0.000000000000000    
         9             9             7            11    -0.150000000000000    0.000000000000000    
         9             9             9             9    0.999999999999999    0.000000000000000    
         9             9            11             7    -0.150000000000000    0.000000000000000    
         9            10             8            11    -0.150000000000000    0.000000000000000    
         9            10            10             9    0.999999999999999    0.000000000000000    
         9            10            12             7    -0.150000000000000    0.000000000000000    
         9            11             9            11    0.150000000000000    0.000000000000000    
         9            11            11             9    0.699999999999999    0.000000000000000    
         9            12            10            11    0.150000000000000    0.000000000000000    
         9            12            12             9    0.699999999999999    0.000000000000000    
        10             7             7            10    0.699999999999999    0.000000000000000    
        10             7             9             8    0.150000000000000    0.000000000000000    
        10             8             8            10    0.699999999999999    0.000000000000000    
        10             8            10             8    0.150000000000000    0.000000000000000    
        10             9             7            12    -0.150000000000000    0.000000000000000    
        10             9             9            10    0.999999999999999    0.000000000000000    
        10             9            11             8    -0.150000000000000    0.000000000000000    
        10            10             8            12    -0.150000000000000    0.000000000000000    
        10            10            10            10    0.999999999999999    0.000000000000000    
        10            10            12             8    -0.150000000000000    0.000000000000000    
        10            11             9            12    0.150000000000000    0.000000000000000    
        10            11            11            10    0.699999999999999    0.000000000000000    
        10            12            10            12    0.150000000000000    0.000000000000000    
        10            12            12            10    0.699999999999999    0.000000000000000    
        11             7             7            11    0.849999999999999    0.000000000000000    
        11             7             9             9    -0.150000000000000    0.000000000000000    
        11             7            11             7    0.300000000000000    0.000000000000000    
        11             8             8            11    0.849999999999999    0.000000000000000    
        11             8            10             9    -0.150000000000000    0.000000000000000    
        11             8            12             7    0.300000000000000    0.000000000000000    
        11             9             9            11    0.699999999999999    0.000000000000000    
        11             9            11             9    0.150000000000000    0.000000000000000    
        11            10            10            11    0.699999999999999    0.000000000000000    
        11            10            12             9    0.150000000000000    0.000000000000000    
        11            11            11            11    0.849999999999999    0.000000000000000    
        11            12            12            11    0.849999999999999    0.000000000000000    
        12             7             7            12    0.849999999999999    0.000000000000000    
        12             7             9            10    -0.150000000000000    0.000000000000000    
        12             7            11             8    0.300000000000000    0.000000000000000    
        12             8             8            12    0.849999999999999    0.000000000000000    
        12             8            10            10    -0.150000000000000    0.000000000000000    
        12             8            12             8    0.300000000000000    0.000000000000000    
        12             9             9            12    0.699999999999999    0.000000000000000    
        12             9            11            10    0.150000000000000    0.000000000000000    
        12            10            10            12    0.699999999999999    0.000000000000000    
        12            10            12            10    0.150000000000000    0.000000000000000    
        12            11            11            12    0.849999999999999    0.000000000000000    
        12            12            12            12    0.849999999999999    0.000000000000000    
