                  24
         1            15    -0.135713455961726    -0.411195644446866    
         1            17    -0.312166582598363    0.165988026856642    
         2            16    -0.135713455961726    -0.411195644446866    
         2            18    -0.312166582598363    0.165988026856642    
         3            13    -0.265017089155614    -0.342441152019779    
         3            17    0.135713455961726    0.411195644446866    
         4            14    -0.265017089155614    -0.342441152019779    
         4            18    0.135713455961726    0.411195644446866    
         5            13    0.312166582598363    -0.165988026856642    
         5            15    0.265017089155614    0.342441152019779    
         6            14    0.312166582598363    -0.165988026856642    
         6            16    0.265017089155614    0.342441152019779    
         7            21    0.432265578129811    0.025425776394217    
         7            23    -0.039222337485270    -0.351371041198750    
         8            22    0.432265578129811    0.025425776394217    
         8            24    -0.039222337485270    -0.351371041198750    
         9            19    0.416019153874568    -0.120116875378261    
         9            23    -0.432265578129811    -0.025425776394217    
        10            20    0.416019153874568    -0.120116875378261    
        10            24    -0.432265578129811    -0.025425776394217    
        11            19    0.039222337485270    0.351371041198750    
        11            21    -0.416019153874568    0.120116875378261    
        12            20    0.039222337485270    0.351371041198750    
        12            22    -0.416019153874568    0.120116875378261    
